[0.7075466630016233, 0.3268333092821384, 0.12852014584553895, 0.43452999298798833, 0.8875794598431527]
[0.6752739296321902, 0.999325700562586, 0.24431244766745897, 0.08319592584631197, 0.26917343902558555]
[0.3765471916564359, 0.043608287122360645, 0.5421262209566603, 0.6434570073687256, 0.39211185620609434]
[0.05252203854497295, 0.3787958352346583, 0.7229274375145354, 0.08273850602656763, 0.25085292983064134]
[0.7685660116492229, 0.6596931100553719, 0.8227492437821464, 0.008953566036301486, 0.8736410480074794]
[0.564532907979502, 0.09928178382596942, 0.2160565839817843, 0.521182082677903, 0.8668480215185876]
[0.47124148541099165, 0.07480105362626943, 0.30357862153963, 0.7263266272818791, 0.34337108385554405]
[0.18479177849466777, 0.9514950810095721, 0.38917454514834027, 0.008105689592901588, 0.2733763388732321]
[0.5422223597653587, 0.6327407916907394, 0.2604189339342422, 0.9484262737054926, 0.34902933391875757]
[0.47459427155413636, 0.7746559901475474, 0.14576035911029728, 0.9116226951282003, 0.13558395129267942]
[0.3473878174853766, 0.5229493940040152, 0.2134879536445352, 0.8411415467237023, 0.056609794593522]
[0.9115936338690322, 0.6887984270612943, 0.4210624139391751, 0.3651478511723171, 0.08176560503801222]